7.5e-06
6e-05
0.0002025
0.00048
0.0009375
0.00162
0.0025725
0.00384
0.0054675
0.0075
0.0099825
0.01296
0.0164775
0.02058
0.0253125
0.03072
0.0368475
0.04374
0.0514425
0.06
0.0694575
0.07986
0.0912525
0.10368
0.1171875
0.13182
0.1476225
0.16464
0.1829175
0.2025
0.2234325
0.24576
0.2695275
0.29478
0.3215625
0.34992
0.3798975
0.41154
0.4448925
0.48
0.5169075
0.55566
0.5963025
0.63888
0.6834375
0.73002
0.7786725
0.82944
0.8823675
0.9375
0.9948825
1.05456
1.1165775
1.18098
1.2478125
1.31712
1.3889475
1.46334
1.5403425
1.62
1.70925
1.817
1.92325
2.028
2.13125
2.233
2.33325
2.432
2.52925
2.625
2.71925
2.812
2.90325
2.993
3.08125
3.168
3.25325
3.337
3.41925
3.5
3.57925
3.657
3.73325
3.808
3.88125
3.953
4.02325
4.092
4.15925
4.225
4.28925
4.352
4.41325
4.473
4.53125
4.588
4.64325
4.697
4.74925
4.8
4.84925
4.897
4.94325
4.988
5.03125
5.073
5.11325
5.152
5.18925
5.225
5.25925
5.292
5.32325
5.353
5.38125
5.408
5.43325
5.457
5.47925
5.5
5.51925
5.537
5.55325
5.568
5.58125
5.593
5.60325
5.612
5.61925
5.625
5.63
5.63
5.63
5.63
5.63
5.63
5.63
5.63
5.63
5.63
5.63
5.63
5.63
5.63
5.63
5.63
5.63
5.63
5.63
5.63
5.63
5.63
5.63
5.63
5.63
5.63
5.63
5.63
5.63
5.63
5.63
5.63
5.63
5.63
5.63
5.63
5.63
5.63
5.63
5.63
5.63
5.63
5.63
5.63
5.63
5.63
5.63
5.63
5.63
5.63
5.63
5.63
5.63
5.63
5.63
5.63
5.63
5.63
5.63
5.63
5.63
5.63
5.63
5.63
5.63
5.63
5.63
5.63
5.63
5.63
5.59975
5.599
5.59775
5.596
5.59375
5.591
5.58775
5.584
5.57975
5.575
5.56975
5.564
5.55775
5.551
5.54375
5.536
5.52775
5.519
5.50975
5.5
5.48975
5.479
5.46775
5.456
5.44375
5.431
5.41775
5.404
5.38975
5.375
5.35975
5.344
5.32775
5.311
5.29375
5.276
5.25775
5.239
5.21975
5.2
5.17975
5.159
5.13775
5.116
5.09375
5.071
5.04775
5.024
4.99975
4.975
4.94975
4.924
4.89775
4.871
4.84375
4.816
4.78775
4.759
4.72975
4.7
4.66975
4.639
4.60775
4.576
4.54375
4.511
4.47775
4.444
4.40975
4.375
4.33975
4.304
4.26775
4.231
4.19375
4.156
4.11775
4.079
4.03975
4.0
3.95975
3.919
3.87775
3.836
3.79375
3.751
3.70775
3.664
3.61975
3.575
3.52975
3.484
3.43775
3.391
3.34375
3.296
3.24775
3.199
3.14975
3.1
3.04975
2.999
2.94775
2.896
2.84375
2.791
2.73775
2.684
2.62975
2.575
2.51975
2.464
2.40775
2.351
2.29375
2.236
2.17775
2.119
2.05975
2.0
1.93975
1.879
1.81775
1.756
1.69375
1.631
1.56775
1.504
1.43975
1.375
1.30975
1.244
1.17775
1.111
1.04375
0.976
0.90775
0.839
0.76975
0.7
0.62975
0.559
0.48775
0.416
0.34375
0.271
0.19775
0.124
0.04975
-0.025
